1111111111111111111111111111111111111111111111111111111111111111111111111
1001111111111111111111111111111111111111111111111111111111111111111111111
1100000000000000000000000000000000000000000000000000110000100110001000011
1100000000000000000000000000000000000000000000000000110010100010101011011
1100000000000000000000000000000000000000000000000000110010101000100011011
1100000000011111111000000011111111111111000000000000110010101011111111011
1100000000111111111100100111111111111111100100000000110010100011000000011
1100000000000000000100000100100000000000100000000000000010101011111111011
1100000000111111100111111100100100111100111100000000110010111000000011011
1100000000000100100000100000100100100000100000000000000010111011111011011
1100000000100100111100111100100100111111100100000000110010111011111011011
1100000001100100000100000100000100100000000110000000000010100001111011011
1100000001100111100111100111111100100111111110000000110010101101111011011
1100000001100000100100000100000000000000000110000000000010101101111011011
1100000000111100100100111100111100111111100100000000110010101101011011011
1100000000000100100000000000100000000000100000000000000010111101010000111
1100000000100111101111111111100111111100111100000000110010100001010110111
1100000001100000000000100000000100000100100110000000000010101101010110111
1100000000111111111100111111111100100100100110000000110010001101000000001
1100000000000000000100000000000100100100000100000000000011101100011101101
1100000000111111100111111111100100100111111100000000110000101101000000001
1100000000011111000011111111000000000011111000000000000010101101010110101
1100000000000000000000000000000000000000000000000000110010100001010110101
1100000000000000000000000000000000000000000000000000110010111011010000101
1100000000000000000000000000000000000000000000000000110010100001011011101
1001110011001100110011001111001111001100111001100100110010101111111011101
1101111111111111111111111111111111111111111111111111110010100001111011101
1000011111000010100001110011110010000111110011000010010010111101000011101
1111000100011010101111001111001100111100101010011010100110100101011111101
1001100001000001110000111100110010100010101111101011110010100001011111101
1010011100100100000010000110110011111010100111001111110010001101010011101
1010100111101001111110100001101000111110100010011111000110101101011000001
1001111100111111001000101000011010000111101011110000011010101101000011101
1010001011110001101110101011000001110000001000000111000010111101111111101
1111111111111111111111111111111111111111111111111111111111111111111111111